/home/techt/anaconda3/envs/hl/lib/python3.8/site-packages/torchvision/models/_utils.py:208: UserWarning: The parameter 'pretrained' is deprecated since 0.13 and may be removed in the future, please use 'weights' instead.
  warnings.warn(
/home/techt/anaconda3/envs/hl/lib/python3.8/site-packages/torchvision/models/_utils.py:223: UserWarning: Arguments other than a weight enum or `None` for 'weights' are deprecated since 0.13 and may be removed in the future. The current behavior is equivalent to passing `weights=MobileNet_V2_Weights.IMAGENET1K_V1`. You can also use `weights=MobileNet_V2_Weights.DEFAULT` to get the most up-to-date weights.
  warnings.warn(msg)
/home/techt/anaconda3/envs/hl/lib/python3.8/site-packages/torchvision/transforms/functional.py:1603: UserWarning: The default value of the antialias parameter of all the resizing transforms (Resize(), RandomResizedCrop(), etc.) will change from None to True in v0.17, in order to be consistent across the PIL and Tensor backends. To suppress this warning, directly pass antialias=True (recommended, future default), antialias=None (current default, which means False for Tensors and True for PIL), or antialias=False (only works on Tensors - PIL will still use antialiasing). This also applies if you are using the inference transforms from the models weights: update the call to weights.transforms(antialias=True).
  warnings.warn(
r_bn:  0.1
lr:  0.25
step 1
step 1.1
step 1.2
[0.0, 0.0, 0.994, 0.001, 0.0, 0.0, 0.004, 0.002, 0.0, 0.0]
[0.0, 0.0, 0.252, 0.001, 0.0, 0.0, 0.0, 0.746, 0.0, 0.0]
[0.0, 0.0, 0.156, 0.001, 0.0, 0.0, 0.0, 0.842, 0.0, 0.0]
[0.0, 0.0, 0.124, 0.006, 0.001, 0.0, 0.001, 0.868, 0.0, 0.0]
[0.0, 0.0, 0.116, 0.018, 0.001, 0.0, 0.001, 0.863, 0.001, 0.0]
[0.0, 0.0, 0.112, 0.037, 0.002, 0.0, 0.002, 0.845, 0.001, 0.001]
[0.001, 0.0, 0.107, 0.07, 0.002, 0.0, 0.002, 0.817, 0.001, 0.001]
[0.001, 0.0, 0.109, 0.099, 0.002, 0.0, 0.002, 0.786, 0.001, 0.001]
[0.001, 0.0, 0.115, 0.117, 0.002, 0.0, 0.002, 0.76, 0.001, 0.002]
[0.001, 0.0, 0.128, 0.139, 0.002, 0.001, 0.002, 0.725, 0.0, 0.002]
[0.001, 0.0, 0.131, 0.154, 0.002, 0.001, 0.003, 0.705, 0.001, 0.003]
[0.0, 0.0, 0.138, 0.168, 0.003, 0.001, 0.005, 0.681, 0.0, 0.003]
[0.0, 0.0, 0.143, 0.18, 0.003, 0.001, 0.008, 0.66, 0.0, 0.003]
[0.0, 0.0, 0.146, 0.197, 0.004, 0.001, 0.011, 0.636, 0.0, 0.003]
[0.0, 0.0, 0.152, 0.204, 0.005, 0.001, 0.014, 0.618, 0.0, 0.004]
[0.0, 0.0, 0.155, 0.211, 0.006, 0.001, 0.019, 0.602, 0.0, 0.005]
[0.0, 0.0, 0.154, 0.219, 0.007, 0.001, 0.022, 0.589, 0.0, 0.006]
[0.0, 0.0, 0.16, 0.224, 0.007, 0.001, 0.023, 0.576, 0.0, 0.007]
[0.0, 0.0, 0.169, 0.228, 0.008, 0.001, 0.024, 0.559, 0.0, 0.008]
[0.0, 0.0, 0.172, 0.235, 0.01, 0.001, 0.026, 0.546, 0.0, 0.009]
[0.0, 0.0, 0.179, 0.24, 0.011, 0.001, 0.029, 0.529, 0.0, 0.01]
[0.0, 0.0, 0.182, 0.238, 0.013, 0.001, 0.034, 0.521, 0.0, 0.009]
[0.0, 0.0, 0.188, 0.244, 0.017, 0.001, 0.035, 0.503, 0.0, 0.011]
[0.0, 0.0, 0.189, 0.245, 0.018, 0.001, 0.037, 0.496, 0.0, 0.013]
[0.0, 0.0, 0.19, 0.241, 0.024, 0.001, 0.038, 0.49, 0.0, 0.015]
[0.001, 0.001, 0.191, 0.242, 0.026, 0.002, 0.04, 0.481, 0.001, 0.015]
[0.0, 0.0, 0.193, 0.244, 0.029, 0.002, 0.04, 0.471, 0.001, 0.019]
[0.001, 0.001, 0.194, 0.245, 0.032, 0.002, 0.044, 0.461, 0.001, 0.019]
[0.0, 0.0, 0.195, 0.248, 0.035, 0.002, 0.046, 0.45, 0.001, 0.023]
[0.001, 0.001, 0.2, 0.247, 0.039, 0.002, 0.048, 0.438, 0.001, 0.024]
[0.0, 0.0, 0.2, 0.246, 0.043, 0.002, 0.05, 0.433, 0.001, 0.025]
[0.0, 0.0, 0.201, 0.246, 0.046, 0.002, 0.053, 0.423, 0.001, 0.027]
[0.001, 0.001, 0.203, 0.246, 0.051, 0.002, 0.054, 0.413, 0.001, 0.028]
[0.001, 0.001, 0.203, 0.247, 0.054, 0.002, 0.054, 0.407, 0.002, 0.03]
[0.001, 0.001, 0.207, 0.248, 0.058, 0.003, 0.052, 0.396, 0.003, 0.031]
[0.001, 0.0, 0.205, 0.251, 0.064, 0.002, 0.053, 0.389, 0.003, 0.032]
[0.001, 0.001, 0.204, 0.249, 0.067, 0.003, 0.053, 0.382, 0.003, 0.036]
[0.001, 0.0, 0.21, 0.256, 0.068, 0.003, 0.054, 0.368, 0.003, 0.037]
[0.001, 0.001, 0.206, 0.258, 0.074, 0.003, 0.053, 0.363, 0.003, 0.037]
[0.001, 0.001, 0.213, 0.258, 0.076, 0.004, 0.053, 0.351, 0.003, 0.038]
[0.001, 0.001, 0.21, 0.258, 0.081, 0.004, 0.053, 0.347, 0.003, 0.042]
[0.001, 0.002, 0.211, 0.262, 0.083, 0.005, 0.053, 0.335, 0.004, 0.044]
[0.001, 0.002, 0.211, 0.258, 0.084, 0.006, 0.056, 0.328, 0.004, 0.049]
[0.001, 0.002, 0.211, 0.262, 0.085, 0.006, 0.058, 0.319, 0.004, 0.051]
[0.001, 0.002, 0.21, 0.26, 0.088, 0.006, 0.058, 0.313, 0.004, 0.057]
[0.001, 0.002, 0.206, 0.257, 0.093, 0.007, 0.059, 0.307, 0.004, 0.063]
[0.001, 0.002, 0.206, 0.256, 0.094, 0.007, 0.06, 0.303, 0.004, 0.068]
[0.001, 0.003, 0.204, 0.253, 0.096, 0.007, 0.061, 0.298, 0.005, 0.072]
[0.001, 0.003, 0.205, 0.249, 0.098, 0.008, 0.062, 0.293, 0.006, 0.075]
[0.001, 0.003, 0.204, 0.247, 0.101, 0.007, 0.062, 0.286, 0.007, 0.083]
[0.001, 0.005, 0.204, 0.244, 0.104, 0.007, 0.059, 0.28, 0.008, 0.087]
[0.001, 0.006, 0.202, 0.245, 0.106, 0.008, 0.06, 0.274, 0.009, 0.089]
[0.001, 0.007, 0.198, 0.243, 0.106, 0.008, 0.06, 0.27, 0.011, 0.095]
[0.001, 0.011, 0.198, 0.248, 0.107, 0.008, 0.056, 0.261, 0.012, 0.097]
[0.001, 0.013, 0.198, 0.242, 0.108, 0.008, 0.055, 0.257, 0.013, 0.103]
[0.001, 0.016, 0.198, 0.246, 0.106, 0.008, 0.056, 0.249, 0.015, 0.104]
[0.001, 0.015, 0.197, 0.24, 0.106, 0.008, 0.057, 0.246, 0.018, 0.111]
[0.001, 0.016, 0.195, 0.245, 0.106, 0.008, 0.057, 0.238, 0.019, 0.116]
[0.001, 0.017, 0.195, 0.241, 0.108, 0.008, 0.059, 0.232, 0.02, 0.12]
[0.002, 0.017, 0.193, 0.235, 0.11, 0.007, 0.061, 0.227, 0.022, 0.126]
[0.001, 0.017, 0.19, 0.233, 0.109, 0.007, 0.064, 0.222, 0.025, 0.132]
[0.001, 0.017, 0.187, 0.234, 0.108, 0.007, 0.066, 0.218, 0.027, 0.134]
[0.001, 0.017, 0.187, 0.235, 0.108, 0.007, 0.068, 0.214, 0.029, 0.134]
[0.002, 0.017, 0.185, 0.232, 0.108, 0.008, 0.07, 0.213, 0.031, 0.135]
[0.001, 0.017, 0.184, 0.233, 0.108, 0.008, 0.071, 0.211, 0.032, 0.136]
[0.001, 0.018, 0.184, 0.232, 0.108, 0.008, 0.071, 0.205, 0.032, 0.14]
[0.001, 0.018, 0.182, 0.231, 0.109, 0.008, 0.072, 0.201, 0.032, 0.145]
[0.001, 0.019, 0.182, 0.232, 0.11, 0.008, 0.073, 0.199, 0.032, 0.144]
[0.001, 0.019, 0.18, 0.234, 0.111, 0.008, 0.074, 0.196, 0.032, 0.144]
[0.001, 0.02, 0.178, 0.236, 0.115, 0.008, 0.074, 0.192, 0.032, 0.145]
[0.001, 0.02, 0.175, 0.237, 0.117, 0.008, 0.075, 0.189, 0.032, 0.146]
[0.001, 0.02, 0.177, 0.236, 0.117, 0.008, 0.076, 0.186, 0.032, 0.148]
[0.001, 0.021, 0.177, 0.237, 0.117, 0.008, 0.077, 0.181, 0.032, 0.148]
[0.001, 0.021, 0.177, 0.239, 0.118, 0.008, 0.079, 0.177, 0.034, 0.148]
[0.001, 0.021, 0.176, 0.237, 0.118, 0.008, 0.079, 0.175, 0.035, 0.149]
[0.001, 0.021, 0.177, 0.237, 0.117, 0.008, 0.079, 0.171, 0.038, 0.15]
[0.001, 0.021, 0.175, 0.238, 0.119, 0.008, 0.08, 0.169, 0.038, 0.15]
[0.001, 0.022, 0.173, 0.24, 0.119, 0.008, 0.08, 0.167, 0.039, 0.151]
[0.002, 0.022, 0.174, 0.238, 0.119, 0.008, 0.08, 0.164, 0.04, 0.153]
[0.001, 0.022, 0.173, 0.238, 0.119, 0.008, 0.08, 0.162, 0.042, 0.154]
[0.001, 0.022, 0.171, 0.238, 0.12, 0.008, 0.082, 0.161, 0.042, 0.154]
[0.001, 0.024, 0.169, 0.235, 0.12, 0.008, 0.084, 0.161, 0.043, 0.155]
[0.002, 0.023, 0.168, 0.233, 0.116, 0.009, 0.086, 0.159, 0.05, 0.155]
[0.001, 0.024, 0.165, 0.233, 0.117, 0.008, 0.091, 0.16, 0.052, 0.148]
[0.001, 0.024, 0.164, 0.233, 0.117, 0.009, 0.093, 0.157, 0.053, 0.148]
[0.001, 0.025, 0.164, 0.231, 0.116, 0.009, 0.092, 0.156, 0.055, 0.15]
[0.002, 0.026, 0.164, 0.23, 0.116, 0.009, 0.093, 0.155, 0.055, 0.151]
[0.001, 0.027, 0.164, 0.229, 0.115, 0.009, 0.095, 0.155, 0.055, 0.15]
[0.001, 0.029, 0.162, 0.229, 0.115, 0.009, 0.098, 0.154, 0.055, 0.149]
[0.002, 0.03, 0.161, 0.227, 0.115, 0.009, 0.098, 0.153, 0.056, 0.149]
[0.002, 0.03, 0.161, 0.228, 0.116, 0.009, 0.098, 0.152, 0.056, 0.149]
[0.001, 0.03, 0.163, 0.228, 0.115, 0.01, 0.097, 0.147, 0.058, 0.151]
[0.001, 0.032, 0.162, 0.226, 0.115, 0.01, 0.097, 0.146, 0.057, 0.154]
[0.002, 0.033, 0.162, 0.226, 0.116, 0.01, 0.098, 0.143, 0.057, 0.154]
[0.001, 0.034, 0.159, 0.225, 0.118, 0.01, 0.099, 0.143, 0.057, 0.154]
[0.001, 0.035, 0.16, 0.222, 0.118, 0.01, 0.099, 0.142, 0.057, 0.155]
[0.001, 0.035, 0.159, 0.22, 0.12, 0.011, 0.1, 0.143, 0.056, 0.155]
[0.001, 0.035, 0.159, 0.22, 0.121, 0.011, 0.102, 0.142, 0.056, 0.153]
[0.001, 0.035, 0.158, 0.219, 0.122, 0.011, 0.104, 0.141, 0.057, 0.152]
[0.001, 0.035, 0.156, 0.218, 0.125, 0.011, 0.104, 0.141, 0.057, 0.152]
step 1.3
step 1.1
step 1.2
[0.0, 0.995, 0.0, 0.0, 0.005, 0.0, 0.0, 0.0, 0.0, 0.0]
[0.0, 0.971, 0.0, 0.0, 0.027, 0.0, 0.0, 0.0, 0.0, 0.002]
[0.0, 0.885, 0.0, 0.0, 0.111, 0.0, 0.001, 0.0, 0.0, 0.003]
[0.0, 0.653, 0.0, 0.0, 0.343, 0.0, 0.001, 0.0, 0.0, 0.002]
[0.0, 0.423, 0.0, 0.001, 0.57, 0.001, 0.001, 0.001, 0.0, 0.003]
[0.0, 0.338, 0.001, 0.001, 0.647, 0.001, 0.001, 0.002, 0.0, 0.008]
[0.001, 0.297, 0.002, 0.002, 0.676, 0.003, 0.001, 0.002, 0.001, 0.015]
[0.002, 0.27, 0.006, 0.01, 0.673, 0.004, 0.002, 0.004, 0.002, 0.026]
[0.004, 0.253, 0.013, 0.023, 0.641, 0.005, 0.002, 0.005, 0.004, 0.052]
[0.007, 0.246, 0.022, 0.035, 0.611, 0.006, 0.002, 0.005, 0.005, 0.061]
[0.009, 0.24, 0.034, 0.04, 0.588, 0.008, 0.001, 0.005, 0.005, 0.071]
[0.01, 0.233, 0.042, 0.05, 0.567, 0.01, 0.001, 0.005, 0.008, 0.073]
[0.012, 0.229, 0.049, 0.061, 0.534, 0.011, 0.002, 0.005, 0.014, 0.083]
[0.014, 0.226, 0.059, 0.07, 0.513, 0.011, 0.001, 0.005, 0.016, 0.086]
[0.015, 0.223, 0.061, 0.084, 0.487, 0.012, 0.001, 0.006, 0.02, 0.091]
[0.015, 0.218, 0.065, 0.091, 0.466, 0.013, 0.001, 0.008, 0.022, 0.101]
[0.015, 0.225, 0.07, 0.094, 0.445, 0.013, 0.002, 0.01, 0.022, 0.105]
[0.016, 0.224, 0.072, 0.099, 0.427, 0.013, 0.001, 0.013, 0.025, 0.112]
[0.016, 0.225, 0.073, 0.101, 0.41, 0.014, 0.001, 0.014, 0.028, 0.119]
[0.018, 0.221, 0.078, 0.105, 0.391, 0.015, 0.001, 0.015, 0.032, 0.125]
[0.02, 0.212, 0.086, 0.108, 0.375, 0.015, 0.001, 0.015, 0.033, 0.134]
[0.022, 0.212, 0.087, 0.111, 0.363, 0.017, 0.001, 0.016, 0.034, 0.137]
[0.025, 0.211, 0.089, 0.114, 0.343, 0.018, 0.001, 0.017, 0.038, 0.146]
[0.026, 0.207, 0.091, 0.116, 0.333, 0.018, 0.001, 0.018, 0.044, 0.147]
[0.027, 0.211, 0.093, 0.117, 0.318, 0.019, 0.001, 0.02, 0.047, 0.148]
[0.027, 0.213, 0.094, 0.119, 0.305, 0.02, 0.001, 0.02, 0.051, 0.151]
[0.028, 0.211, 0.096, 0.122, 0.297, 0.02, 0.001, 0.02, 0.056, 0.15]
[0.027, 0.209, 0.095, 0.123, 0.286, 0.02, 0.001, 0.021, 0.059, 0.158]
[0.028, 0.209, 0.097, 0.124, 0.274, 0.021, 0.001, 0.023, 0.061, 0.161]
[0.028, 0.206, 0.097, 0.126, 0.268, 0.022, 0.001, 0.024, 0.066, 0.162]
[0.029, 0.209, 0.1, 0.127, 0.26, 0.022, 0.002, 0.026, 0.065, 0.161]
[0.03, 0.207, 0.102, 0.127, 0.253, 0.025, 0.001, 0.027, 0.065, 0.161]
[0.033, 0.206, 0.103, 0.125, 0.246, 0.025, 0.004, 0.028, 0.066, 0.164]
[0.033, 0.21, 0.103, 0.126, 0.238, 0.027, 0.002, 0.028, 0.066, 0.166]
[0.033, 0.209, 0.103, 0.126, 0.235, 0.027, 0.002, 0.029, 0.067, 0.167]
[0.034, 0.207, 0.103, 0.126, 0.232, 0.03, 0.002, 0.028, 0.069, 0.169]
[0.036, 0.207, 0.1, 0.127, 0.225, 0.033, 0.002, 0.027, 0.071, 0.171]
[0.037, 0.206, 0.102, 0.128, 0.221, 0.033, 0.002, 0.028, 0.073, 0.17]
[0.038, 0.207, 0.104, 0.128, 0.214, 0.035, 0.002, 0.028, 0.075, 0.17]
[0.039, 0.203, 0.106, 0.128, 0.21, 0.035, 0.003, 0.027, 0.08, 0.17]
[0.038, 0.201, 0.11, 0.128, 0.206, 0.035, 0.003, 0.029, 0.084, 0.167]
[0.039, 0.201, 0.109, 0.128, 0.204, 0.035, 0.003, 0.029, 0.085, 0.167]
[0.038, 0.205, 0.11, 0.129, 0.199, 0.035, 0.003, 0.03, 0.086, 0.166]
[0.038, 0.204, 0.111, 0.129, 0.193, 0.035, 0.003, 0.03, 0.089, 0.167]
[0.038, 0.205, 0.112, 0.13, 0.186, 0.036, 0.004, 0.031, 0.093, 0.164]
[0.038, 0.203, 0.112, 0.132, 0.18, 0.037, 0.004, 0.031, 0.102, 0.162]
[0.039, 0.202, 0.113, 0.134, 0.175, 0.037, 0.004, 0.031, 0.104, 0.16]
[0.04, 0.203, 0.114, 0.135, 0.17, 0.037, 0.005, 0.031, 0.103, 0.161]
[0.04, 0.201, 0.114, 0.133, 0.169, 0.038, 0.005, 0.032, 0.108, 0.16]
[0.04, 0.2, 0.116, 0.134, 0.167, 0.039, 0.006, 0.032, 0.108, 0.158]
[0.038, 0.203, 0.117, 0.134, 0.165, 0.04, 0.006, 0.033, 0.109, 0.156]
[0.04, 0.204, 0.116, 0.131, 0.163, 0.043, 0.008, 0.032, 0.109, 0.153]
[0.04, 0.205, 0.116, 0.131, 0.158, 0.043, 0.008, 0.033, 0.113, 0.154]
[0.041, 0.2, 0.117, 0.13, 0.154, 0.044, 0.007, 0.036, 0.116, 0.155]
[0.042, 0.202, 0.118, 0.13, 0.152, 0.043, 0.007, 0.037, 0.113, 0.155]
[0.041, 0.2, 0.118, 0.13, 0.15, 0.043, 0.007, 0.042, 0.113, 0.155]
[0.041, 0.201, 0.118, 0.132, 0.148, 0.044, 0.008, 0.043, 0.112, 0.153]
[0.04, 0.201, 0.117, 0.132, 0.146, 0.045, 0.008, 0.043, 0.113, 0.153]
[0.04, 0.199, 0.116, 0.132, 0.143, 0.046, 0.009, 0.044, 0.116, 0.153]
[0.039, 0.197, 0.116, 0.133, 0.142, 0.046, 0.009, 0.043, 0.121, 0.153]
[0.038, 0.195, 0.116, 0.132, 0.145, 0.047, 0.01, 0.044, 0.123, 0.152]
[0.038, 0.192, 0.116, 0.133, 0.141, 0.047, 0.01, 0.044, 0.125, 0.154]
[0.038, 0.193, 0.115, 0.133, 0.142, 0.046, 0.009, 0.043, 0.127, 0.154]
[0.04, 0.19, 0.115, 0.129, 0.139, 0.047, 0.01, 0.045, 0.13, 0.154]
[0.04, 0.191, 0.116, 0.129, 0.136, 0.047, 0.009, 0.046, 0.132, 0.153]
[0.041, 0.193, 0.116, 0.132, 0.128, 0.047, 0.01, 0.047, 0.132, 0.154]
[0.04, 0.192, 0.115, 0.13, 0.128, 0.047, 0.01, 0.049, 0.137, 0.152]
[0.04, 0.193, 0.113, 0.134, 0.125, 0.048, 0.01, 0.051, 0.134, 0.152]
[0.041, 0.191, 0.112, 0.132, 0.125, 0.047, 0.011, 0.056, 0.131, 0.153]
[0.041, 0.191, 0.114, 0.13, 0.121, 0.049, 0.01, 0.058, 0.135, 0.151]
[0.042, 0.188, 0.112, 0.131, 0.121, 0.05, 0.01, 0.059, 0.135, 0.152]
[0.043, 0.19, 0.111, 0.13, 0.12, 0.051, 0.01, 0.058, 0.137, 0.151]
[0.044, 0.186, 0.11, 0.13, 0.118, 0.05, 0.009, 0.06, 0.142, 0.151]
[0.045, 0.186, 0.108, 0.131, 0.12, 0.049, 0.009, 0.059, 0.143, 0.151]
[0.044, 0.185, 0.107, 0.128, 0.12, 0.05, 0.01, 0.06, 0.144, 0.151]
[0.044, 0.186, 0.106, 0.129, 0.119, 0.05, 0.01, 0.061, 0.145, 0.15]
[0.044, 0.184, 0.106, 0.128, 0.119, 0.051, 0.009, 0.061, 0.146, 0.151]
[0.045, 0.181, 0.108, 0.126, 0.116, 0.052, 0.01, 0.062, 0.15, 0.15]
[0.045, 0.185, 0.107, 0.126, 0.114, 0.052, 0.01, 0.063, 0.147, 0.15]
[0.045, 0.184, 0.106, 0.127, 0.114, 0.052, 0.009, 0.064, 0.147, 0.152]
[0.045, 0.184, 0.105, 0.127, 0.117, 0.052, 0.009, 0.065, 0.146, 0.149]
[0.046, 0.184, 0.104, 0.127, 0.115, 0.052, 0.01, 0.066, 0.147, 0.148]
[0.047, 0.182, 0.106, 0.123, 0.111, 0.054, 0.011, 0.068, 0.146, 0.15]
[0.047, 0.183, 0.106, 0.123, 0.11, 0.054, 0.011, 0.069, 0.147, 0.149]
[0.048, 0.182, 0.105, 0.122, 0.113, 0.054, 0.012, 0.07, 0.147, 0.148]
[0.047, 0.18, 0.107, 0.121, 0.108, 0.056, 0.012, 0.071, 0.147, 0.149]
[0.048, 0.183, 0.106, 0.122, 0.111, 0.054, 0.012, 0.071, 0.145, 0.148]
[0.048, 0.179, 0.106, 0.121, 0.11, 0.056, 0.012, 0.074, 0.148, 0.146]
[0.05, 0.18, 0.106, 0.12, 0.108, 0.056, 0.014, 0.074, 0.147, 0.146]
[0.048, 0.182, 0.103, 0.124, 0.113, 0.054, 0.013, 0.073, 0.144, 0.146]
[0.05, 0.179, 0.104, 0.123, 0.11, 0.055, 0.013, 0.074, 0.148, 0.146]
[0.052, 0.177, 0.107, 0.12, 0.107, 0.056, 0.016, 0.074, 0.146, 0.146]
[0.05, 0.178, 0.104, 0.122, 0.11, 0.056, 0.014, 0.072, 0.147, 0.147]
[0.052, 0.175, 0.103, 0.122, 0.108, 0.056, 0.017, 0.075, 0.146, 0.146]
[0.051, 0.177, 0.104, 0.121, 0.108, 0.058, 0.018, 0.072, 0.147, 0.145]
[0.052, 0.179, 0.103, 0.12, 0.11, 0.056, 0.016, 0.073, 0.144, 0.148]
[0.052, 0.173, 0.104, 0.118, 0.106, 0.06, 0.018, 0.077, 0.147, 0.146]
[0.051, 0.177, 0.104, 0.119, 0.107, 0.057, 0.016, 0.073, 0.148, 0.148]
[0.051, 0.177, 0.103, 0.119, 0.108, 0.058, 0.016, 0.073, 0.146, 0.149]
[0.052, 0.177, 0.102, 0.119, 0.109, 0.057, 0.016, 0.073, 0.147, 0.148]
step 1.3
step 1.1
step 1.2
[0.0, 0.1, 0.006, 0.0, 0.0, 0.028, 0.457, 0.0, 0.0, 0.409]
[0.0, 0.031, 0.001, 0.0, 0.001, 0.027, 0.418, 0.0, 0.0, 0.523]
[0.0, 0.012, 0.001, 0.0, 0.001, 0.03, 0.427, 0.0, 0.0, 0.529]
[0.0, 0.006, 0.001, 0.0, 0.001, 0.032, 0.432, 0.0, 0.0, 0.527]
[0.0, 0.007, 0.001, 0.0, 0.003, 0.034, 0.437, 0.001, 0.001, 0.516]
[0.0, 0.016, 0.002, 0.001, 0.005, 0.035, 0.431, 0.001, 0.002, 0.506]
[0.0, 0.024, 0.001, 0.001, 0.007, 0.036, 0.437, 0.001, 0.005, 0.487]
[0.0, 0.031, 0.001, 0.002, 0.007, 0.038, 0.436, 0.001, 0.006, 0.479]
[0.0, 0.04, 0.001, 0.005, 0.006, 0.043, 0.433, 0.001, 0.008, 0.463]
[0.0, 0.051, 0.001, 0.011, 0.006, 0.043, 0.427, 0.001, 0.009, 0.451]
[0.0, 0.057, 0.001, 0.021, 0.007, 0.046, 0.418, 0.001, 0.013, 0.436]
[0.001, 0.062, 0.001, 0.031, 0.007, 0.048, 0.406, 0.001, 0.016, 0.427]
[0.003, 0.067, 0.001, 0.039, 0.007, 0.048, 0.399, 0.001, 0.024, 0.411]
[0.003, 0.072, 0.001, 0.048, 0.007, 0.049, 0.392, 0.001, 0.027, 0.399]
[0.003, 0.075, 0.001, 0.055, 0.009, 0.051, 0.383, 0.002, 0.033, 0.388]
[0.004, 0.078, 0.001, 0.063, 0.009, 0.051, 0.376, 0.002, 0.043, 0.373]
[0.004, 0.08, 0.002, 0.066, 0.009, 0.054, 0.368, 0.002, 0.052, 0.362]
[0.005, 0.084, 0.002, 0.068, 0.009, 0.059, 0.36, 0.002, 0.058, 0.352]
[0.005, 0.083, 0.002, 0.073, 0.009, 0.06, 0.354, 0.003, 0.068, 0.343]
[0.006, 0.083, 0.002, 0.077, 0.01, 0.063, 0.346, 0.002, 0.072, 0.34]
[0.007, 0.087, 0.002, 0.08, 0.011, 0.064, 0.338, 0.002, 0.076, 0.333]
[0.008, 0.093, 0.002, 0.086, 0.012, 0.065, 0.335, 0.002, 0.077, 0.322]
[0.008, 0.093, 0.003, 0.09, 0.012, 0.067, 0.329, 0.002, 0.082, 0.313]
[0.009, 0.096, 0.003, 0.095, 0.012, 0.07, 0.32, 0.002, 0.088, 0.304]
[0.01, 0.096, 0.003, 0.095, 0.013, 0.071, 0.316, 0.002, 0.096, 0.299]
[0.013, 0.096, 0.003, 0.099, 0.014, 0.075, 0.307, 0.003, 0.101, 0.29]
[0.022, 0.093, 0.003, 0.102, 0.016, 0.079, 0.299, 0.002, 0.102, 0.283]
[0.024, 0.086, 0.003, 0.105, 0.019, 0.083, 0.293, 0.002, 0.105, 0.281]
[0.027, 0.083, 0.004, 0.107, 0.021, 0.087, 0.286, 0.003, 0.107, 0.275]
[0.027, 0.082, 0.005, 0.109, 0.021, 0.092, 0.281, 0.002, 0.112, 0.269]
[0.03, 0.08, 0.005, 0.115, 0.022, 0.096, 0.273, 0.002, 0.115, 0.263]
[0.031, 0.08, 0.005, 0.118, 0.024, 0.097, 0.269, 0.003, 0.115, 0.258]
[0.029, 0.081, 0.005, 0.123, 0.024, 0.095, 0.27, 0.002, 0.116, 0.255]
[0.032, 0.083, 0.007, 0.125, 0.027, 0.1, 0.259, 0.003, 0.116, 0.248]
[0.032, 0.082, 0.006, 0.129, 0.028, 0.099, 0.259, 0.003, 0.116, 0.246]
[0.033, 0.084, 0.006, 0.128, 0.028, 0.101, 0.254, 0.003, 0.118, 0.245]
[0.033, 0.083, 0.006, 0.13, 0.029, 0.104, 0.249, 0.003, 0.119, 0.243]
[0.032, 0.083, 0.007, 0.135, 0.027, 0.101, 0.247, 0.003, 0.122, 0.242]
[0.033, 0.086, 0.008, 0.138, 0.028, 0.102, 0.241, 0.003, 0.121, 0.239]
[0.032, 0.086, 0.009, 0.139, 0.029, 0.102, 0.24, 0.004, 0.122, 0.238]
[0.032, 0.087, 0.01, 0.14, 0.029, 0.104, 0.236, 0.005, 0.122, 0.235]
[0.033, 0.086, 0.011, 0.142, 0.031, 0.105, 0.232, 0.005, 0.122, 0.233]
[0.033, 0.084, 0.015, 0.145, 0.032, 0.107, 0.228, 0.006, 0.122, 0.227]
[0.033, 0.082, 0.018, 0.145, 0.033, 0.106, 0.228, 0.006, 0.122, 0.226]
[0.034, 0.079, 0.022, 0.144, 0.035, 0.109, 0.227, 0.006, 0.122, 0.223]
[0.034, 0.078, 0.026, 0.145, 0.033, 0.111, 0.224, 0.006, 0.123, 0.22]
[0.035, 0.078, 0.028, 0.143, 0.037, 0.114, 0.22, 0.007, 0.122, 0.216]
[0.035, 0.077, 0.029, 0.147, 0.034, 0.113, 0.22, 0.007, 0.123, 0.215]
[0.034, 0.077, 0.033, 0.147, 0.034, 0.112, 0.22, 0.008, 0.123, 0.212]
[0.034, 0.076, 0.035, 0.144, 0.037, 0.114, 0.216, 0.01, 0.123, 0.212]
[0.037, 0.075, 0.041, 0.138, 0.039, 0.116, 0.213, 0.01, 0.123, 0.208]
[0.041, 0.073, 0.043, 0.137, 0.036, 0.116, 0.217, 0.01, 0.122, 0.206]
[0.044, 0.07, 0.048, 0.137, 0.036, 0.114, 0.215, 0.011, 0.121, 0.205]
[0.047, 0.072, 0.053, 0.133, 0.041, 0.114, 0.207, 0.012, 0.119, 0.202]
[0.046, 0.07, 0.056, 0.134, 0.04, 0.117, 0.207, 0.011, 0.121, 0.198]
[0.048, 0.07, 0.054, 0.135, 0.04, 0.118, 0.206, 0.012, 0.122, 0.194]
[0.048, 0.069, 0.057, 0.135, 0.04, 0.12, 0.205, 0.013, 0.122, 0.192]
[0.052, 0.071, 0.059, 0.132, 0.039, 0.119, 0.204, 0.014, 0.122, 0.187]
[0.053, 0.075, 0.061, 0.126, 0.04, 0.119, 0.204, 0.015, 0.121, 0.186]
[0.056, 0.078, 0.06, 0.122, 0.041, 0.122, 0.2, 0.016, 0.12, 0.184]
[0.061, 0.074, 0.06, 0.125, 0.042, 0.123, 0.197, 0.017, 0.121, 0.18]
[0.065, 0.076, 0.061, 0.125, 0.042, 0.125, 0.193, 0.019, 0.119, 0.176]
[0.063, 0.079, 0.061, 0.127, 0.043, 0.126, 0.189, 0.018, 0.12, 0.174]
[0.063, 0.08, 0.066, 0.125, 0.041, 0.122, 0.194, 0.018, 0.12, 0.17]
[0.065, 0.082, 0.066, 0.126, 0.044, 0.125, 0.184, 0.019, 0.12, 0.168]
[0.065, 0.083, 0.068, 0.127, 0.044, 0.123, 0.187, 0.019, 0.119, 0.166]
[0.065, 0.085, 0.069, 0.127, 0.044, 0.122, 0.187, 0.019, 0.118, 0.165]
[0.065, 0.086, 0.071, 0.128, 0.044, 0.123, 0.188, 0.019, 0.118, 0.158]
[0.065, 0.084, 0.073, 0.127, 0.045, 0.124, 0.189, 0.02, 0.119, 0.154]
[0.067, 0.085, 0.071, 0.128, 0.047, 0.125, 0.184, 0.019, 0.12, 0.154]
[0.067, 0.085, 0.072, 0.127, 0.048, 0.126, 0.185, 0.019, 0.12, 0.152]
[0.067, 0.085, 0.072, 0.127, 0.05, 0.128, 0.182, 0.019, 0.122, 0.149]
[0.069, 0.086, 0.073, 0.126, 0.05, 0.129, 0.179, 0.02, 0.12, 0.147]
[0.068, 0.086, 0.074, 0.13, 0.05, 0.129, 0.181, 0.021, 0.119, 0.142]
[0.069, 0.085, 0.076, 0.129, 0.051, 0.129, 0.181, 0.02, 0.119, 0.141]
[0.071, 0.085, 0.076, 0.131, 0.052, 0.129, 0.178, 0.02, 0.119, 0.14]
[0.071, 0.085, 0.077, 0.132, 0.051, 0.129, 0.179, 0.021, 0.117, 0.137]
[0.074, 0.082, 0.077, 0.128, 0.054, 0.131, 0.175, 0.021, 0.118, 0.138]
[0.073, 0.083, 0.077, 0.13, 0.057, 0.132, 0.174, 0.02, 0.116, 0.138]
[0.072, 0.085, 0.079, 0.129, 0.051, 0.125, 0.179, 0.021, 0.12, 0.137]
[0.072, 0.084, 0.08, 0.13, 0.053, 0.125, 0.178, 0.021, 0.12, 0.135]
[0.073, 0.083, 0.082, 0.131, 0.053, 0.125, 0.177, 0.021, 0.12, 0.135]
[0.073, 0.081, 0.084, 0.131, 0.054, 0.126, 0.176, 0.022, 0.118, 0.135]
[0.07, 0.08, 0.086, 0.129, 0.052, 0.126, 0.175, 0.026, 0.118, 0.137]
[0.073, 0.081, 0.088, 0.129, 0.053, 0.127, 0.172, 0.028, 0.116, 0.135]
[0.069, 0.08, 0.089, 0.128, 0.053, 0.123, 0.173, 0.033, 0.116, 0.135]
[0.072, 0.078, 0.091, 0.127, 0.062, 0.126, 0.173, 0.031, 0.113, 0.127]
[0.075, 0.079, 0.094, 0.118, 0.062, 0.129, 0.174, 0.032, 0.114, 0.124]
[0.08, 0.078, 0.093, 0.12, 0.062, 0.128, 0.166, 0.034, 0.112, 0.126]
[0.077, 0.078, 0.095, 0.12, 0.065, 0.123, 0.164, 0.034, 0.113, 0.129]
[0.073, 0.078, 0.101, 0.119, 0.065, 0.126, 0.167, 0.033, 0.113, 0.125]
[0.075, 0.077, 0.102, 0.119, 0.069, 0.125, 0.164, 0.034, 0.112, 0.123]
[0.077, 0.077, 0.103, 0.117, 0.069, 0.124, 0.159, 0.039, 0.111, 0.124]
[0.073, 0.077, 0.105, 0.115, 0.07, 0.122, 0.164, 0.033, 0.113, 0.128]
[0.073, 0.076, 0.106, 0.114, 0.071, 0.122, 0.164, 0.033, 0.113, 0.129]
[0.073, 0.075, 0.106, 0.112, 0.068, 0.121, 0.165, 0.035, 0.113, 0.131]
[0.08, 0.078, 0.103, 0.111, 0.074, 0.124, 0.149, 0.042, 0.112, 0.126]
[0.079, 0.076, 0.106, 0.114, 0.073, 0.119, 0.156, 0.038, 0.112, 0.128]
[0.079, 0.075, 0.107, 0.115, 0.073, 0.118, 0.154, 0.038, 0.112, 0.127]
[0.078, 0.076, 0.108, 0.115, 0.074, 0.122, 0.152, 0.038, 0.112, 0.126]
step 1.3
step 1.1
step 1.2
[0.651, 0.002, 0.0, 0.001, 0.0, 0.092, 0.254, 0.0, 0.0, 0.0]
[0.509, 0.034, 0.0, 0.001, 0.0, 0.027, 0.428, 0.0, 0.0, 0.0]
[0.363, 0.141, 0.0, 0.006, 0.001, 0.02, 0.468, 0.0, 0.0, 0.0]
[0.282, 0.234, 0.002, 0.008, 0.001, 0.023, 0.447, 0.001, 0.001, 0.0]
[0.231, 0.288, 0.005, 0.008, 0.005, 0.035, 0.426, 0.002, 0.002, 0.001]
[0.198, 0.316, 0.008, 0.017, 0.016, 0.044, 0.395, 0.002, 0.002, 0.001]
[0.182, 0.32, 0.01, 0.015, 0.044, 0.048, 0.372, 0.003, 0.004, 0.001]
[0.17, 0.308, 0.013, 0.02, 0.077, 0.051, 0.349, 0.003, 0.007, 0.002]
[0.152, 0.297, 0.015, 0.034, 0.1, 0.059, 0.328, 0.003, 0.008, 0.004]
[0.142, 0.276, 0.018, 0.051, 0.111, 0.062, 0.322, 0.004, 0.01, 0.004]
[0.137, 0.256, 0.02, 0.071, 0.127, 0.064, 0.303, 0.003, 0.014, 0.005]
[0.13, 0.238, 0.024, 0.082, 0.14, 0.071, 0.291, 0.003, 0.015, 0.006]
[0.125, 0.23, 0.027, 0.094, 0.141, 0.073, 0.281, 0.003, 0.017, 0.008]
[0.127, 0.222, 0.028, 0.097, 0.143, 0.076, 0.269, 0.004, 0.022, 0.011]
[0.13, 0.212, 0.03, 0.114, 0.147, 0.075, 0.25, 0.004, 0.025, 0.013]
[0.134, 0.215, 0.038, 0.116, 0.155, 0.079, 0.214, 0.004, 0.029, 0.016]
[0.129, 0.197, 0.036, 0.122, 0.151, 0.075, 0.233, 0.005, 0.034, 0.018]
[0.129, 0.191, 0.039, 0.125, 0.156, 0.081, 0.216, 0.006, 0.037, 0.02]
[0.141, 0.192, 0.041, 0.137, 0.159, 0.084, 0.181, 0.008, 0.036, 0.021]
[0.14, 0.182, 0.043, 0.135, 0.156, 0.084, 0.19, 0.008, 0.039, 0.022]
[0.142, 0.177, 0.046, 0.132, 0.158, 0.088, 0.185, 0.009, 0.04, 0.024]
[0.146, 0.175, 0.046, 0.134, 0.161, 0.09, 0.169, 0.009, 0.045, 0.024]
[0.148, 0.174, 0.049, 0.133, 0.163, 0.09, 0.158, 0.01, 0.048, 0.027]
[0.154, 0.17, 0.053, 0.131, 0.162, 0.096, 0.146, 0.012, 0.047, 0.03]
[0.156, 0.169, 0.055, 0.129, 0.162, 0.098, 0.138, 0.011, 0.049, 0.032]
[0.16, 0.168, 0.058, 0.127, 0.16, 0.104, 0.125, 0.012, 0.049, 0.036]
[0.14, 0.156, 0.057, 0.127, 0.158, 0.101, 0.152, 0.011, 0.06, 0.037]
[0.156, 0.165, 0.063, 0.123, 0.157, 0.11, 0.117, 0.013, 0.051, 0.045]
[0.152, 0.161, 0.062, 0.121, 0.159, 0.112, 0.119, 0.014, 0.054, 0.047]
[0.154, 0.164, 0.063, 0.122, 0.156, 0.112, 0.11, 0.015, 0.053, 0.05]
[0.156, 0.165, 0.067, 0.119, 0.156, 0.114, 0.103, 0.016, 0.053, 0.052]
[0.132, 0.142, 0.069, 0.129, 0.143, 0.106, 0.152, 0.016, 0.065, 0.046]
[0.132, 0.145, 0.069, 0.124, 0.148, 0.107, 0.139, 0.017, 0.068, 0.05]
[0.141, 0.153, 0.071, 0.113, 0.155, 0.116, 0.114, 0.018, 0.061, 0.057]
[0.128, 0.142, 0.071, 0.121, 0.149, 0.107, 0.137, 0.018, 0.073, 0.054]
[0.137, 0.149, 0.073, 0.112, 0.153, 0.116, 0.112, 0.02, 0.066, 0.061]
[0.124, 0.137, 0.074, 0.123, 0.142, 0.107, 0.138, 0.023, 0.074, 0.06]
[0.138, 0.149, 0.074, 0.115, 0.144, 0.115, 0.102, 0.033, 0.062, 0.069]
[0.122, 0.132, 0.073, 0.121, 0.135, 0.106, 0.131, 0.04, 0.076, 0.065]
[0.139, 0.147, 0.078, 0.112, 0.138, 0.12, 0.092, 0.044, 0.057, 0.074]
[0.117, 0.128, 0.079, 0.119, 0.13, 0.11, 0.138, 0.041, 0.074, 0.063]
[0.114, 0.124, 0.079, 0.12, 0.125, 0.11, 0.146, 0.043, 0.077, 0.063]
[0.125, 0.132, 0.08, 0.114, 0.136, 0.115, 0.107, 0.049, 0.069, 0.074]
[0.11, 0.121, 0.082, 0.121, 0.121, 0.106, 0.148, 0.046, 0.079, 0.064]
[0.129, 0.14, 0.08, 0.111, 0.128, 0.122, 0.093, 0.055, 0.06, 0.081]
[0.097, 0.105, 0.079, 0.133, 0.108, 0.096, 0.179, 0.049, 0.093, 0.061]
[0.12, 0.125, 0.084, 0.118, 0.125, 0.117, 0.106, 0.058, 0.069, 0.08]
[0.118, 0.126, 0.083, 0.114, 0.125, 0.12, 0.103, 0.061, 0.067, 0.081]
[0.123, 0.132, 0.085, 0.109, 0.128, 0.119, 0.088, 0.067, 0.061, 0.088]
[0.113, 0.123, 0.081, 0.112, 0.124, 0.116, 0.115, 0.062, 0.076, 0.078]
[0.093, 0.102, 0.08, 0.134, 0.107, 0.097, 0.171, 0.057, 0.092, 0.067]
[0.117, 0.124, 0.086, 0.113, 0.124, 0.119, 0.096, 0.069, 0.068, 0.083]
[0.124, 0.134, 0.09, 0.109, 0.124, 0.119, 0.079, 0.076, 0.055, 0.091]
[0.106, 0.121, 0.083, 0.11, 0.122, 0.121, 0.11, 0.069, 0.078, 0.08]
[0.103, 0.12, 0.084, 0.111, 0.122, 0.119, 0.112, 0.069, 0.079, 0.08]
[0.092, 0.101, 0.083, 0.132, 0.106, 0.099, 0.16, 0.063, 0.093, 0.07]
[0.105, 0.12, 0.082, 0.117, 0.118, 0.117, 0.113, 0.071, 0.079, 0.078]
[0.092, 0.103, 0.087, 0.125, 0.105, 0.099, 0.163, 0.065, 0.094, 0.067]
[0.107, 0.119, 0.088, 0.113, 0.119, 0.117, 0.101, 0.075, 0.076, 0.084]
[0.111, 0.121, 0.088, 0.111, 0.122, 0.117, 0.094, 0.079, 0.072, 0.086]
[0.12, 0.13, 0.092, 0.105, 0.118, 0.119, 0.076, 0.085, 0.061, 0.094]
[0.091, 0.101, 0.087, 0.134, 0.106, 0.098, 0.149, 0.067, 0.095, 0.071]
[0.112, 0.123, 0.089, 0.107, 0.122, 0.119, 0.09, 0.083, 0.072, 0.084]
[0.091, 0.102, 0.089, 0.128, 0.107, 0.098, 0.153, 0.069, 0.092, 0.071]
[0.107, 0.119, 0.088, 0.11, 0.117, 0.113, 0.106, 0.083, 0.078, 0.077]
[0.118, 0.125, 0.094, 0.106, 0.119, 0.117, 0.076, 0.088, 0.063, 0.094]
[0.092, 0.101, 0.088, 0.131, 0.108, 0.096, 0.145, 0.073, 0.093, 0.073]
[0.109, 0.119, 0.091, 0.108, 0.12, 0.116, 0.096, 0.084, 0.075, 0.083]
[0.092, 0.101, 0.089, 0.127, 0.106, 0.094, 0.15, 0.072, 0.096, 0.072]
[0.106, 0.117, 0.092, 0.111, 0.116, 0.113, 0.103, 0.084, 0.077, 0.08]
[0.109, 0.12, 0.091, 0.109, 0.119, 0.113, 0.095, 0.084, 0.076, 0.083]
[0.105, 0.116, 0.089, 0.107, 0.117, 0.113, 0.106, 0.083, 0.083, 0.08]
[0.091, 0.101, 0.088, 0.127, 0.107, 0.094, 0.147, 0.074, 0.099, 0.072]
[0.104, 0.118, 0.092, 0.11, 0.118, 0.113, 0.101, 0.084, 0.08, 0.081]
[0.098, 0.111, 0.09, 0.115, 0.115, 0.104, 0.124, 0.078, 0.089, 0.077]
[0.105, 0.117, 0.092, 0.112, 0.118, 0.113, 0.1, 0.084, 0.079, 0.081]
[0.089, 0.1, 0.089, 0.125, 0.105, 0.091, 0.154, 0.073, 0.104, 0.07]
[0.103, 0.113, 0.095, 0.112, 0.115, 0.111, 0.107, 0.081, 0.084, 0.079]
[0.105, 0.115, 0.094, 0.111, 0.117, 0.11, 0.101, 0.083, 0.082, 0.082]
[0.115, 0.124, 0.098, 0.103, 0.12, 0.108, 0.075, 0.094, 0.072, 0.093]
[0.09, 0.103, 0.089, 0.125, 0.108, 0.097, 0.139, 0.076, 0.1, 0.074]
[0.102, 0.113, 0.096, 0.11, 0.117, 0.106, 0.107, 0.083, 0.086, 0.081]
[0.115, 0.125, 0.098, 0.104, 0.119, 0.108, 0.071, 0.094, 0.071, 0.095]
[0.09, 0.103, 0.088, 0.128, 0.106, 0.095, 0.135, 0.077, 0.103, 0.076]
[0.104, 0.113, 0.098, 0.108, 0.118, 0.108, 0.101, 0.084, 0.084, 0.083]
[0.088, 0.1, 0.088, 0.128, 0.107, 0.091, 0.143, 0.075, 0.106, 0.073]
[0.103, 0.111, 0.099, 0.112, 0.116, 0.105, 0.106, 0.081, 0.084, 0.082]
[0.106, 0.113, 0.099, 0.106, 0.118, 0.109, 0.096, 0.086, 0.082, 0.086]
[0.105, 0.112, 0.099, 0.109, 0.118, 0.105, 0.099, 0.084, 0.082, 0.087]
[0.088, 0.098, 0.087, 0.132, 0.104, 0.088, 0.146, 0.075, 0.11, 0.072]
[0.103, 0.109, 0.098, 0.111, 0.116, 0.101, 0.109, 0.082, 0.087, 0.084]
[0.103, 0.111, 0.099, 0.11, 0.116, 0.101, 0.106, 0.082, 0.087, 0.086]
[0.103, 0.111, 0.099, 0.106, 0.117, 0.099, 0.107, 0.084, 0.087, 0.087]
[0.117, 0.127, 0.098, 0.103, 0.115, 0.105, 0.068, 0.096, 0.071, 0.098]
[0.09, 0.1, 0.088, 0.128, 0.103, 0.09, 0.135, 0.08, 0.105, 0.081]
[0.102, 0.107, 0.099, 0.107, 0.116, 0.1, 0.104, 0.089, 0.086, 0.09]
[0.094, 0.103, 0.096, 0.113, 0.111, 0.096, 0.12, 0.085, 0.095, 0.087]
[0.101, 0.105, 0.099, 0.107, 0.113, 0.104, 0.106, 0.088, 0.087, 0.09]
[0.105, 0.114, 0.101, 0.106, 0.115, 0.102, 0.086, 0.092, 0.08, 0.098]
[0.085, 0.095, 0.09, 0.136, 0.098, 0.085, 0.144, 0.078, 0.113, 0.076]
step 1.3
step 1.1
step 1.2
[0.0, 0.0, 0.0, 0.0, 0.0, 0.0, 1.0, 0.0, 0.0, 0.0]
[0.0, 0.0, 0.0, 0.0, 0.008, 0.0, 0.992, 0.0, 0.0, 0.0]
[0.0, 0.0, 0.0, 0.0, 0.173, 0.0, 0.827, 0.0, 0.0, 0.0]
[0.0, 0.0, 0.0, 0.0, 0.36, 0.0, 0.64, 0.0, 0.0, 0.0]
[0.001, 0.0, 0.0, 0.0, 0.481, 0.0, 0.518, 0.0, 0.0, 0.0]
[0.001, 0.0, 0.0, 0.001, 0.552, 0.0, 0.446, 0.0, 0.0, 0.0]
[0.002, 0.0, 0.0, 0.001, 0.597, 0.0, 0.4, 0.0, 0.0, 0.0]
[0.002, 0.0, 0.0, 0.001, 0.614, 0.002, 0.38, 0.0, 0.0, 0.0]
[0.004, 0.0, 0.0, 0.0, 0.623, 0.003, 0.367, 0.0, 0.001, 0.0]
[0.005, 0.0, 0.001, 0.0, 0.626, 0.007, 0.358, 0.0, 0.002, 0.0]
[0.005, 0.0, 0.001, 0.001, 0.619, 0.008, 0.362, 0.001, 0.002, 0.0]
[0.006, 0.001, 0.001, 0.001, 0.61, 0.011, 0.368, 0.001, 0.002, 0.0]
[0.008, 0.002, 0.001, 0.002, 0.604, 0.013, 0.367, 0.002, 0.002, 0.0]
[0.009, 0.002, 0.001, 0.004, 0.595, 0.016, 0.368, 0.002, 0.003, 0.0]
[0.009, 0.003, 0.001, 0.009, 0.584, 0.02, 0.369, 0.001, 0.004, 0.001]
[0.008, 0.006, 0.001, 0.013, 0.575, 0.023, 0.366, 0.002, 0.005, 0.0]
[0.008, 0.008, 0.001, 0.02, 0.568, 0.025, 0.362, 0.002, 0.006, 0.001]
[0.008, 0.008, 0.001, 0.029, 0.562, 0.029, 0.354, 0.002, 0.006, 0.001]
[0.01, 0.009, 0.001, 0.037, 0.553, 0.032, 0.348, 0.003, 0.007, 0.001]
[0.011, 0.012, 0.001, 0.039, 0.543, 0.036, 0.347, 0.003, 0.008, 0.001]
[0.013, 0.017, 0.001, 0.05, 0.534, 0.038, 0.335, 0.003, 0.009, 0.001]
[0.015, 0.019, 0.001, 0.055, 0.52, 0.041, 0.335, 0.004, 0.009, 0.001]
[0.017, 0.02, 0.001, 0.064, 0.505, 0.044, 0.333, 0.005, 0.01, 0.001]
[0.018, 0.021, 0.002, 0.072, 0.49, 0.052, 0.327, 0.007, 0.011, 0.001]
[0.021, 0.024, 0.002, 0.077, 0.474, 0.055, 0.325, 0.008, 0.013, 0.001]
[0.025, 0.025, 0.002, 0.08, 0.46, 0.059, 0.325, 0.01, 0.014, 0.001]
[0.026, 0.025, 0.002, 0.085, 0.456, 0.063, 0.316, 0.012, 0.014, 0.001]
[0.027, 0.026, 0.002, 0.095, 0.446, 0.067, 0.303, 0.018, 0.015, 0.001]
[0.027, 0.026, 0.004, 0.103, 0.428, 0.07, 0.304, 0.021, 0.016, 0.001]
[0.03, 0.03, 0.005, 0.108, 0.422, 0.075, 0.29, 0.022, 0.016, 0.002]
[0.031, 0.031, 0.007, 0.117, 0.408, 0.077, 0.285, 0.025, 0.018, 0.002]
[0.032, 0.031, 0.006, 0.125, 0.394, 0.083, 0.279, 0.027, 0.019, 0.003]
[0.033, 0.031, 0.007, 0.127, 0.385, 0.085, 0.276, 0.031, 0.021, 0.003]
[0.033, 0.032, 0.008, 0.13, 0.376, 0.088, 0.274, 0.034, 0.022, 0.003]
[0.036, 0.032, 0.008, 0.134, 0.364, 0.092, 0.267, 0.038, 0.026, 0.004]
[0.036, 0.031, 0.008, 0.138, 0.36, 0.093, 0.262, 0.04, 0.027, 0.005]
[0.036, 0.032, 0.009, 0.138, 0.353, 0.097, 0.257, 0.045, 0.028, 0.006]
[0.036, 0.035, 0.009, 0.145, 0.34, 0.096, 0.25, 0.051, 0.03, 0.007]
[0.037, 0.039, 0.009, 0.149, 0.332, 0.097, 0.247, 0.053, 0.03, 0.008]
[0.038, 0.039, 0.009, 0.15, 0.323, 0.098, 0.249, 0.054, 0.032, 0.009]
[0.039, 0.04, 0.009, 0.151, 0.315, 0.1, 0.246, 0.056, 0.033, 0.01]
[0.042, 0.041, 0.009, 0.156, 0.305, 0.1, 0.245, 0.058, 0.035, 0.009]
[0.042, 0.044, 0.009, 0.155, 0.299, 0.098, 0.241, 0.063, 0.038, 0.01]
[0.049, 0.046, 0.01, 0.155, 0.292, 0.098, 0.233, 0.066, 0.039, 0.011]
[0.049, 0.047, 0.01, 0.154, 0.286, 0.1, 0.226, 0.071, 0.045, 0.012]
[0.049, 0.05, 0.01, 0.157, 0.278, 0.097, 0.222, 0.076, 0.046, 0.016]
[0.05, 0.048, 0.01, 0.16, 0.275, 0.096, 0.22, 0.077, 0.048, 0.016]
[0.052, 0.048, 0.01, 0.16, 0.267, 0.099, 0.214, 0.084, 0.049, 0.017]
[0.06, 0.05, 0.011, 0.162, 0.26, 0.098, 0.205, 0.089, 0.049, 0.017]
[0.065, 0.049, 0.011, 0.161, 0.258, 0.1, 0.195, 0.092, 0.05, 0.018]
[0.074, 0.052, 0.012, 0.162, 0.255, 0.099, 0.185, 0.091, 0.051, 0.018]
[0.082, 0.056, 0.012, 0.159, 0.252, 0.096, 0.178, 0.095, 0.052, 0.019]
[0.081, 0.056, 0.013, 0.158, 0.247, 0.098, 0.173, 0.1, 0.054, 0.02]
[0.086, 0.059, 0.012, 0.154, 0.245, 0.098, 0.168, 0.102, 0.054, 0.021]
[0.09, 0.059, 0.012, 0.153, 0.24, 0.101, 0.166, 0.101, 0.056, 0.021]
[0.091, 0.061, 0.012, 0.152, 0.239, 0.103, 0.162, 0.103, 0.056, 0.022]
[0.097, 0.061, 0.012, 0.151, 0.236, 0.102, 0.158, 0.106, 0.055, 0.022]
[0.103, 0.062, 0.013, 0.148, 0.23, 0.103, 0.155, 0.108, 0.056, 0.023]
[0.103, 0.063, 0.013, 0.146, 0.229, 0.103, 0.153, 0.112, 0.056, 0.023]
[0.107, 0.061, 0.013, 0.146, 0.224, 0.105, 0.149, 0.113, 0.058, 0.024]
[0.112, 0.06, 0.014, 0.146, 0.219, 0.105, 0.146, 0.115, 0.058, 0.025]
[0.116, 0.061, 0.014, 0.143, 0.215, 0.105, 0.144, 0.117, 0.058, 0.026]
[0.12, 0.063, 0.014, 0.142, 0.211, 0.107, 0.141, 0.117, 0.059, 0.027]
[0.122, 0.066, 0.015, 0.14, 0.207, 0.109, 0.138, 0.117, 0.06, 0.027]
[0.123, 0.067, 0.015, 0.14, 0.202, 0.109, 0.137, 0.119, 0.06, 0.028]
[0.127, 0.065, 0.016, 0.149, 0.197, 0.11, 0.136, 0.109, 0.063, 0.028]
[0.123, 0.064, 0.019, 0.154, 0.194, 0.113, 0.135, 0.104, 0.065, 0.028]
[0.121, 0.068, 0.021, 0.153, 0.194, 0.113, 0.134, 0.101, 0.064, 0.031]
[0.124, 0.068, 0.023, 0.154, 0.192, 0.113, 0.131, 0.103, 0.064, 0.028]
[0.122, 0.071, 0.026, 0.157, 0.187, 0.11, 0.132, 0.102, 0.063, 0.029]
[0.123, 0.072, 0.026, 0.159, 0.184, 0.109, 0.131, 0.101, 0.064, 0.029]
[0.123, 0.072, 0.028, 0.158, 0.185, 0.11, 0.131, 0.1, 0.064, 0.03]
[0.123, 0.072, 0.028, 0.157, 0.184, 0.112, 0.129, 0.1, 0.065, 0.029]
[0.126, 0.073, 0.029, 0.158, 0.181, 0.111, 0.128, 0.1, 0.065, 0.029]
[0.126, 0.071, 0.032, 0.159, 0.18, 0.112, 0.126, 0.1, 0.064, 0.03]
[0.129, 0.07, 0.033, 0.16, 0.18, 0.111, 0.126, 0.1, 0.065, 0.028]
[0.128, 0.071, 0.034, 0.16, 0.176, 0.113, 0.124, 0.099, 0.064, 0.03]
[0.13, 0.071, 0.034, 0.16, 0.176, 0.112, 0.124, 0.1, 0.064, 0.029]
[0.133, 0.071, 0.036, 0.157, 0.174, 0.113, 0.122, 0.1, 0.064, 0.029]
[0.132, 0.071, 0.038, 0.157, 0.172, 0.114, 0.121, 0.099, 0.065, 0.029]
[0.134, 0.071, 0.041, 0.156, 0.171, 0.114, 0.12, 0.099, 0.066, 0.03]
[0.135, 0.069, 0.042, 0.156, 0.171, 0.113, 0.119, 0.1, 0.067, 0.028]
[0.135, 0.07, 0.041, 0.157, 0.168, 0.113, 0.12, 0.099, 0.069, 0.028]
[0.137, 0.071, 0.042, 0.157, 0.168, 0.113, 0.118, 0.099, 0.068, 0.028]
[0.136, 0.07, 0.042, 0.158, 0.167, 0.113, 0.118, 0.099, 0.069, 0.028]
[0.138, 0.068, 0.043, 0.16, 0.167, 0.112, 0.116, 0.098, 0.068, 0.029]
[0.138, 0.07, 0.044, 0.16, 0.164, 0.113, 0.117, 0.098, 0.069, 0.028]
[0.139, 0.069, 0.044, 0.161, 0.162, 0.113, 0.116, 0.097, 0.069, 0.029]
[0.139, 0.069, 0.045, 0.161, 0.164, 0.113, 0.115, 0.099, 0.068, 0.028]
[0.138, 0.07, 0.045, 0.161, 0.159, 0.114, 0.116, 0.097, 0.07, 0.029]
[0.138, 0.07, 0.047, 0.161, 0.157, 0.114, 0.116, 0.096, 0.072, 0.029]
[0.138, 0.07, 0.048, 0.16, 0.156, 0.114, 0.116, 0.095, 0.073, 0.03]
[0.139, 0.071, 0.049, 0.158, 0.155, 0.115, 0.114, 0.096, 0.072, 0.031]
[0.14, 0.07, 0.05, 0.158, 0.154, 0.114, 0.115, 0.097, 0.073, 0.03]
[0.141, 0.07, 0.051, 0.158, 0.151, 0.114, 0.116, 0.096, 0.072, 0.031]
[0.14, 0.07, 0.053, 0.158, 0.151, 0.113, 0.116, 0.095, 0.072, 0.031]
[0.14, 0.073, 0.055, 0.155, 0.151, 0.113, 0.116, 0.094, 0.073, 0.032]
[0.14, 0.073, 0.053, 0.156, 0.155, 0.109, 0.115, 0.097, 0.072, 0.03]
[0.141, 0.075, 0.055, 0.154, 0.148, 0.112, 0.115, 0.094, 0.073, 0.033]
[0.139, 0.075, 0.056, 0.153, 0.152, 0.111, 0.114, 0.093, 0.074, 0.032]
step 1.3
step 1.1
step 1.2
[0.232, 0.579, 0.0, 0.0, 0.131, 0.0, 0.0, 0.058, 0.0, 0.0]
[0.535, 0.367, 0.0, 0.0, 0.053, 0.004, 0.0, 0.041, 0.0, 0.0]
[0.689, 0.199, 0.0, 0.0, 0.053, 0.023, 0.0, 0.034, 0.0, 0.001]
[0.56, 0.14, 0.001, 0.0, 0.06, 0.195, 0.0, 0.043, 0.0, 0.001]
[0.451, 0.101, 0.001, 0.001, 0.07, 0.321, 0.0, 0.054, 0.001, 0.001]
[0.401, 0.089, 0.001, 0.001, 0.071, 0.369, 0.0, 0.065, 0.001, 0.001]
[0.364, 0.09, 0.002, 0.001, 0.073, 0.395, 0.001, 0.071, 0.001, 0.002]
[0.357, 0.089, 0.002, 0.001, 0.074, 0.396, 0.001, 0.072, 0.001, 0.007]
[0.341, 0.097, 0.006, 0.002, 0.077, 0.388, 0.001, 0.078, 0.001, 0.008]
[0.329, 0.106, 0.007, 0.002, 0.079, 0.382, 0.001, 0.084, 0.001, 0.008]
[0.323, 0.114, 0.009, 0.002, 0.08, 0.373, 0.001, 0.088, 0.001, 0.009]
[0.312, 0.119, 0.01, 0.002, 0.084, 0.368, 0.002, 0.091, 0.001, 0.01]
[0.305, 0.125, 0.016, 0.003, 0.086, 0.361, 0.002, 0.089, 0.002, 0.013]
[0.295, 0.127, 0.025, 0.004, 0.088, 0.353, 0.002, 0.086, 0.002, 0.018]
[0.291, 0.134, 0.03, 0.004, 0.088, 0.348, 0.002, 0.082, 0.002, 0.02]
[0.288, 0.136, 0.032, 0.005, 0.09, 0.337, 0.002, 0.084, 0.002, 0.024]
[0.284, 0.135, 0.038, 0.006, 0.091, 0.33, 0.004, 0.085, 0.002, 0.026]
[0.278, 0.133, 0.042, 0.007, 0.092, 0.32, 0.007, 0.087, 0.003, 0.03]
[0.272, 0.131, 0.047, 0.007, 0.092, 0.314, 0.011, 0.088, 0.003, 0.034]
[0.263, 0.134, 0.052, 0.008, 0.093, 0.303, 0.015, 0.088, 0.004, 0.041]
[0.259, 0.132, 0.067, 0.01, 0.09, 0.287, 0.017, 0.088, 0.003, 0.047]
[0.258, 0.131, 0.086, 0.011, 0.088, 0.264, 0.024, 0.086, 0.004, 0.049]
[0.251, 0.126, 0.09, 0.012, 0.086, 0.257, 0.031, 0.092, 0.004, 0.053]
[0.247, 0.122, 0.093, 0.012, 0.084, 0.247, 0.037, 0.098, 0.005, 0.055]
[0.244, 0.123, 0.099, 0.012, 0.084, 0.237, 0.037, 0.101, 0.008, 0.055]
[0.243, 0.122, 0.103, 0.013, 0.086, 0.226, 0.039, 0.104, 0.008, 0.057]
[0.236, 0.121, 0.106, 0.014, 0.084, 0.225, 0.042, 0.104, 0.008, 0.06]
[0.232, 0.119, 0.111, 0.015, 0.082, 0.22, 0.045, 0.108, 0.01, 0.059]
[0.23, 0.119, 0.109, 0.016, 0.079, 0.217, 0.049, 0.11, 0.011, 0.059]
[0.226, 0.119, 0.111, 0.017, 0.081, 0.213, 0.051, 0.109, 0.014, 0.06]
[0.222, 0.119, 0.111, 0.017, 0.08, 0.212, 0.051, 0.109, 0.015, 0.062]
[0.215, 0.119, 0.114, 0.019, 0.078, 0.209, 0.051, 0.112, 0.019, 0.063]
[0.215, 0.119, 0.114, 0.021, 0.077, 0.206, 0.052, 0.111, 0.022, 0.063]
[0.214, 0.12, 0.115, 0.021, 0.076, 0.202, 0.052, 0.113, 0.023, 0.064]
[0.211, 0.12, 0.116, 0.021, 0.075, 0.201, 0.053, 0.114, 0.024, 0.064]
[0.208, 0.122, 0.112, 0.022, 0.076, 0.198, 0.054, 0.115, 0.027, 0.065]
[0.201, 0.123, 0.112, 0.023, 0.074, 0.196, 0.055, 0.118, 0.033, 0.066]
[0.194, 0.117, 0.114, 0.024, 0.072, 0.195, 0.055, 0.119, 0.045, 0.066]
[0.193, 0.117, 0.109, 0.025, 0.074, 0.188, 0.057, 0.116, 0.055, 0.066]
[0.189, 0.116, 0.111, 0.025, 0.07, 0.189, 0.055, 0.12, 0.058, 0.066]
[0.188, 0.118, 0.111, 0.026, 0.069, 0.184, 0.056, 0.118, 0.064, 0.066]
[0.182, 0.118, 0.111, 0.027, 0.069, 0.18, 0.054, 0.118, 0.073, 0.067]
[0.176, 0.121, 0.11, 0.03, 0.067, 0.177, 0.055, 0.117, 0.079, 0.068]
[0.172, 0.119, 0.108, 0.034, 0.066, 0.173, 0.057, 0.117, 0.084, 0.07]
[0.171, 0.12, 0.107, 0.036, 0.066, 0.169, 0.058, 0.116, 0.088, 0.069]
[0.167, 0.117, 0.107, 0.038, 0.065, 0.169, 0.059, 0.117, 0.091, 0.068]
[0.166, 0.116, 0.108, 0.04, 0.065, 0.168, 0.059, 0.117, 0.094, 0.068]
[0.16, 0.118, 0.106, 0.042, 0.068, 0.164, 0.061, 0.113, 0.101, 0.067]
[0.157, 0.117, 0.104, 0.042, 0.066, 0.163, 0.064, 0.113, 0.106, 0.068]
[0.154, 0.118, 0.104, 0.045, 0.067, 0.16, 0.063, 0.114, 0.107, 0.068]
[0.152, 0.117, 0.103, 0.046, 0.065, 0.159, 0.065, 0.113, 0.11, 0.069]
[0.148, 0.117, 0.102, 0.048, 0.065, 0.157, 0.064, 0.116, 0.114, 0.07]
[0.144, 0.119, 0.103, 0.05, 0.063, 0.154, 0.066, 0.116, 0.115, 0.07]
[0.14, 0.119, 0.104, 0.053, 0.062, 0.154, 0.066, 0.115, 0.116, 0.07]
[0.137, 0.119, 0.104, 0.056, 0.061, 0.153, 0.067, 0.116, 0.117, 0.07]
